timestamps:
  login: 1686586101470
  logout: 1686586383838
ipAddress: 0:0:0:0:0:0:0:1
logoutlocation:
  world: world
  x: 103.91428029688339
  y: 14.748799083116202
  z: -784.6013500421391
  yaw: 53.15264
  pitch: 2.849976
